{
 "cells": [
  {
   "cell_type": "code",
   "execution_count": 46,
   "metadata": {},
   "outputs": [],
   "source": [
    "import numpy as np  #importing libraries\n",
    "import pandas as pd\n",
    "import matplotlib.pyplot as plt\n",
    "import seaborn as sns\n",
    "from sklearn.model_selection import train_test_split\n",
    "from sklearn import preprocessing"
   ]
  },
  {
   "cell_type": "code",
   "execution_count": 47,
   "metadata": {},
   "outputs": [
    {
     "data": {
      "text/plain": [
       "(10000, 11)"
      ]
     },
     "execution_count": 47,
     "metadata": {},
     "output_type": "execute_result"
    }
   ],
   "source": [
    "df=pd.read_csv('regression_train.csv') # reading data\n",
    "df.shape  # checking shape of data"
   ]
  },
  {
   "cell_type": "code",
   "execution_count": 48,
   "metadata": {},
   "outputs": [
    {
     "data": {
      "text/html": [
       "<div>\n",
       "<style scoped>\n",
       "    .dataframe tbody tr th:only-of-type {\n",
       "        vertical-align: middle;\n",
       "    }\n",
       "\n",
       "    .dataframe tbody tr th {\n",
       "        vertical-align: top;\n",
       "    }\n",
       "\n",
       "    .dataframe thead th {\n",
       "        text-align: right;\n",
       "    }\n",
       "</style>\n",
       "<table border=\"1\" class=\"dataframe\">\n",
       "  <thead>\n",
       "    <tr style=\"text-align: right;\">\n",
       "      <th></th>\n",
       "      <th>data1</th>\n",
       "      <th>data2</th>\n",
       "      <th>data3</th>\n",
       "      <th>data4</th>\n",
       "      <th>data5</th>\n",
       "      <th>data6</th>\n",
       "      <th>data7</th>\n",
       "      <th>data8</th>\n",
       "      <th>data9</th>\n",
       "      <th>data10</th>\n",
       "      <th>output</th>\n",
       "    </tr>\n",
       "  </thead>\n",
       "  <tbody>\n",
       "    <tr>\n",
       "      <td>0</td>\n",
       "      <td>8</td>\n",
       "      <td>279</td>\n",
       "      <td>C</td>\n",
       "      <td>14.451155</td>\n",
       "      <td>1139.0</td>\n",
       "      <td>1.0</td>\n",
       "      <td>9.302908</td>\n",
       "      <td>1.0</td>\n",
       "      <td>M</td>\n",
       "      <td>p</td>\n",
       "      <td>86.108947</td>\n",
       "    </tr>\n",
       "    <tr>\n",
       "      <td>1</td>\n",
       "      <td>1</td>\n",
       "      <td>108</td>\n",
       "      <td>H</td>\n",
       "      <td>14.207448</td>\n",
       "      <td>1656.0</td>\n",
       "      <td>1.0</td>\n",
       "      <td>7.220130</td>\n",
       "      <td>0.0</td>\n",
       "      <td>M</td>\n",
       "      <td>p</td>\n",
       "      <td>42.606833</td>\n",
       "    </tr>\n",
       "    <tr>\n",
       "      <td>2</td>\n",
       "      <td>8</td>\n",
       "      <td>258</td>\n",
       "      <td>A</td>\n",
       "      <td>19.220830</td>\n",
       "      <td>2817.0</td>\n",
       "      <td>1.0</td>\n",
       "      <td>8.727214</td>\n",
       "      <td>1.0</td>\n",
       "      <td>M</td>\n",
       "      <td>p</td>\n",
       "      <td>85.625961</td>\n",
       "    </tr>\n",
       "    <tr>\n",
       "      <td>3</td>\n",
       "      <td>4</td>\n",
       "      <td>147</td>\n",
       "      <td>A</td>\n",
       "      <td>15.752732</td>\n",
       "      <td>1948.0</td>\n",
       "      <td>1.0</td>\n",
       "      <td>6.078818</td>\n",
       "      <td>1.0</td>\n",
       "      <td>M</td>\n",
       "      <td>p</td>\n",
       "      <td>53.656277</td>\n",
       "    </tr>\n",
       "    <tr>\n",
       "      <td>4</td>\n",
       "      <td>5</td>\n",
       "      <td>230</td>\n",
       "      <td>H</td>\n",
       "      <td>10.195407</td>\n",
       "      <td>1336.0</td>\n",
       "      <td>1.0</td>\n",
       "      <td>4.749185</td>\n",
       "      <td>0.0</td>\n",
       "      <td>M</td>\n",
       "      <td>p</td>\n",
       "      <td>64.925051</td>\n",
       "    </tr>\n",
       "  </tbody>\n",
       "</table>\n",
       "</div>"
      ],
      "text/plain": [
       "   data1  data2 data3      data4   data5  data6     data7  data8 data9 data10  \\\n",
       "0      8    279     C  14.451155  1139.0    1.0  9.302908    1.0     M      p   \n",
       "1      1    108     H  14.207448  1656.0    1.0  7.220130    0.0     M      p   \n",
       "2      8    258     A  19.220830  2817.0    1.0  8.727214    1.0     M      p   \n",
       "3      4    147     A  15.752732  1948.0    1.0  6.078818    1.0     M      p   \n",
       "4      5    230     H  10.195407  1336.0    1.0  4.749185    0.0     M      p   \n",
       "\n",
       "      output  \n",
       "0  86.108947  \n",
       "1  42.606833  \n",
       "2  85.625961  \n",
       "3  53.656277  \n",
       "4  64.925051  "
      ]
     },
     "execution_count": 48,
     "metadata": {},
     "output_type": "execute_result"
    }
   ],
   "source": [
    "df.head()"
   ]
  },
  {
   "cell_type": "code",
   "execution_count": 49,
   "metadata": {},
   "outputs": [
    {
     "data": {
      "text/plain": [
       "data1     0\n",
       "data2     0\n",
       "data3     0\n",
       "data4     0\n",
       "data5     1\n",
       "data6     3\n",
       "data7     2\n",
       "data8     1\n",
       "data9     1\n",
       "data10    1\n",
       "output    1\n",
       "dtype: int64"
      ]
     },
     "execution_count": 49,
     "metadata": {},
     "output_type": "execute_result"
    }
   ],
   "source": [
    "df.isnull().sum()\n"
   ]
  },
  {
   "cell_type": "code",
   "execution_count": 50,
   "metadata": {},
   "outputs": [],
   "source": [
    "df=df.dropna(axis=0, how='any', inplace=False)  #dropping null value"
   ]
  },
  {
   "cell_type": "code",
   "execution_count": 51,
   "metadata": {},
   "outputs": [
    {
     "data": {
      "text/plain": [
       "data1     0\n",
       "data2     0\n",
       "data3     0\n",
       "data4     0\n",
       "data5     0\n",
       "data6     0\n",
       "data7     0\n",
       "data8     0\n",
       "data9     0\n",
       "data10    0\n",
       "output    0\n",
       "dtype: int64"
      ]
     },
     "execution_count": 51,
     "metadata": {},
     "output_type": "execute_result"
    }
   ],
   "source": [
    "df.isnull().sum()"
   ]
  },
  {
   "cell_type": "code",
   "execution_count": 52,
   "metadata": {},
   "outputs": [
    {
     "data": {
      "text/plain": [
       "data1       int64\n",
       "data2       int64\n",
       "data3      object\n",
       "data4     float64\n",
       "data5     float64\n",
       "data6     float64\n",
       "data7     float64\n",
       "data8     float64\n",
       "data9      object\n",
       "data10     object\n",
       "output    float64\n",
       "dtype: object"
      ]
     },
     "execution_count": 52,
     "metadata": {},
     "output_type": "execute_result"
    }
   ],
   "source": [
    "df.dtypes"
   ]
  },
  {
   "cell_type": "code",
   "execution_count": 53,
   "metadata": {},
   "outputs": [],
   "source": [
    "data3=pd.get_dummies(df['data3'],drop_first=True) # encoding data as we need all the values in intiger format \n",
    "data10=pd.get_dummies(df['data10'],drop_first=True) \n",
    "data9=pd.get_dummies(df['data9'],drop_first=True) "
   ]
  },
  {
   "cell_type": "code",
   "execution_count": 54,
   "metadata": {},
   "outputs": [],
   "source": [
    "df=df.drop('data3',axis=1)# dropping the column\n",
    "df=df.drop('data10',axis=1)\n",
    "df=df.drop('data9',axis=1)"
   ]
  },
  {
   "cell_type": "code",
   "execution_count": 55,
   "metadata": {},
   "outputs": [],
   "source": [
    "df=pd.concat([df,data3],axis=1)# concating the columns to main data set\n",
    "df=pd.concat([df,data10],axis=1)\n",
    "df=pd.concat([df,data9],axis=1)"
   ]
  },
  {
   "cell_type": "code",
   "execution_count": 56,
   "metadata": {},
   "outputs": [
    {
     "data": {
      "text/plain": [
       "data1       int64\n",
       "data2       int64\n",
       "data4     float64\n",
       "data5     float64\n",
       "data6     float64\n",
       "data7     float64\n",
       "data8     float64\n",
       "output    float64\n",
       "B           uint8\n",
       "C           uint8\n",
       "D           uint8\n",
       "E           uint8\n",
       "F           uint8\n",
       "G           uint8\n",
       "H           uint8\n",
       "M           uint8\n",
       "dtype: object"
      ]
     },
     "execution_count": 56,
     "metadata": {},
     "output_type": "execute_result"
    }
   ],
   "source": [
    "df.dtypes"
   ]
  },
  {
   "cell_type": "code",
   "execution_count": 57,
   "metadata": {},
   "outputs": [
    {
     "data": {
      "text/html": [
       "<div>\n",
       "<style scoped>\n",
       "    .dataframe tbody tr th:only-of-type {\n",
       "        vertical-align: middle;\n",
       "    }\n",
       "\n",
       "    .dataframe tbody tr th {\n",
       "        vertical-align: top;\n",
       "    }\n",
       "\n",
       "    .dataframe thead th {\n",
       "        text-align: right;\n",
       "    }\n",
       "</style>\n",
       "<table border=\"1\" class=\"dataframe\">\n",
       "  <thead>\n",
       "    <tr style=\"text-align: right;\">\n",
       "      <th></th>\n",
       "      <th>data1</th>\n",
       "      <th>data2</th>\n",
       "      <th>data4</th>\n",
       "      <th>data5</th>\n",
       "      <th>data6</th>\n",
       "      <th>data7</th>\n",
       "      <th>data8</th>\n",
       "      <th>output</th>\n",
       "      <th>B</th>\n",
       "      <th>C</th>\n",
       "      <th>D</th>\n",
       "      <th>E</th>\n",
       "      <th>F</th>\n",
       "      <th>G</th>\n",
       "      <th>H</th>\n",
       "      <th>M</th>\n",
       "    </tr>\n",
       "  </thead>\n",
       "  <tbody>\n",
       "    <tr>\n",
       "      <td>data1</td>\n",
       "      <td>1.000000</td>\n",
       "      <td>0.008367</td>\n",
       "      <td>0.007462</td>\n",
       "      <td>-0.022798</td>\n",
       "      <td>-0.002956</td>\n",
       "      <td>-0.000312</td>\n",
       "      <td>-0.008111</td>\n",
       "      <td>0.185512</td>\n",
       "      <td>-0.000813</td>\n",
       "      <td>0.000549</td>\n",
       "      <td>-0.011895</td>\n",
       "      <td>0.003610</td>\n",
       "      <td>0.004558</td>\n",
       "      <td>0.007070</td>\n",
       "      <td>-0.001145</td>\n",
       "      <td>-0.001271</td>\n",
       "    </tr>\n",
       "    <tr>\n",
       "      <td>data2</td>\n",
       "      <td>0.008367</td>\n",
       "      <td>1.000000</td>\n",
       "      <td>0.019126</td>\n",
       "      <td>0.017404</td>\n",
       "      <td>0.010093</td>\n",
       "      <td>-0.013187</td>\n",
       "      <td>0.013590</td>\n",
       "      <td>0.867934</td>\n",
       "      <td>0.007189</td>\n",
       "      <td>-0.000638</td>\n",
       "      <td>-0.003649</td>\n",
       "      <td>0.007119</td>\n",
       "      <td>-0.015495</td>\n",
       "      <td>0.013855</td>\n",
       "      <td>-0.005277</td>\n",
       "      <td>0.019609</td>\n",
       "    </tr>\n",
       "    <tr>\n",
       "      <td>data4</td>\n",
       "      <td>0.007462</td>\n",
       "      <td>0.019126</td>\n",
       "      <td>1.000000</td>\n",
       "      <td>0.006372</td>\n",
       "      <td>0.000550</td>\n",
       "      <td>0.018160</td>\n",
       "      <td>-0.003601</td>\n",
       "      <td>0.406264</td>\n",
       "      <td>-0.005489</td>\n",
       "      <td>0.004984</td>\n",
       "      <td>-0.006298</td>\n",
       "      <td>0.027902</td>\n",
       "      <td>0.000890</td>\n",
       "      <td>-0.009527</td>\n",
       "      <td>0.008272</td>\n",
       "      <td>-0.000090</td>\n",
       "    </tr>\n",
       "    <tr>\n",
       "      <td>data5</td>\n",
       "      <td>-0.022798</td>\n",
       "      <td>0.017404</td>\n",
       "      <td>0.006372</td>\n",
       "      <td>1.000000</td>\n",
       "      <td>0.005740</td>\n",
       "      <td>0.009529</td>\n",
       "      <td>0.009352</td>\n",
       "      <td>0.015382</td>\n",
       "      <td>0.005663</td>\n",
       "      <td>-0.002651</td>\n",
       "      <td>0.002800</td>\n",
       "      <td>-0.024639</td>\n",
       "      <td>-0.013664</td>\n",
       "      <td>0.014481</td>\n",
       "      <td>0.011810</td>\n",
       "      <td>0.006661</td>\n",
       "    </tr>\n",
       "    <tr>\n",
       "      <td>data6</td>\n",
       "      <td>-0.002956</td>\n",
       "      <td>0.010093</td>\n",
       "      <td>0.000550</td>\n",
       "      <td>0.005740</td>\n",
       "      <td>1.000000</td>\n",
       "      <td>-0.020063</td>\n",
       "      <td>-0.001605</td>\n",
       "      <td>-0.009857</td>\n",
       "      <td>0.004762</td>\n",
       "      <td>0.001321</td>\n",
       "      <td>0.000717</td>\n",
       "      <td>-0.011572</td>\n",
       "      <td>0.010389</td>\n",
       "      <td>-0.013538</td>\n",
       "      <td>-0.011003</td>\n",
       "      <td>0.816456</td>\n",
       "    </tr>\n",
       "    <tr>\n",
       "      <td>data7</td>\n",
       "      <td>-0.000312</td>\n",
       "      <td>-0.013187</td>\n",
       "      <td>0.018160</td>\n",
       "      <td>0.009529</td>\n",
       "      <td>-0.020063</td>\n",
       "      <td>1.000000</td>\n",
       "      <td>-0.009449</td>\n",
       "      <td>0.212525</td>\n",
       "      <td>-0.001038</td>\n",
       "      <td>0.016689</td>\n",
       "      <td>-0.003519</td>\n",
       "      <td>0.005366</td>\n",
       "      <td>-0.003937</td>\n",
       "      <td>-0.006412</td>\n",
       "      <td>-0.004887</td>\n",
       "      <td>-0.017324</td>\n",
       "    </tr>\n",
       "    <tr>\n",
       "      <td>data8</td>\n",
       "      <td>-0.008111</td>\n",
       "      <td>0.013590</td>\n",
       "      <td>-0.003601</td>\n",
       "      <td>0.009352</td>\n",
       "      <td>-0.001605</td>\n",
       "      <td>-0.009449</td>\n",
       "      <td>1.000000</td>\n",
       "      <td>0.008164</td>\n",
       "      <td>-0.010930</td>\n",
       "      <td>0.011965</td>\n",
       "      <td>-0.002159</td>\n",
       "      <td>0.004212</td>\n",
       "      <td>-0.009621</td>\n",
       "      <td>0.004122</td>\n",
       "      <td>-0.008019</td>\n",
       "      <td>-0.000003</td>\n",
       "    </tr>\n",
       "    <tr>\n",
       "      <td>output</td>\n",
       "      <td>0.185512</td>\n",
       "      <td>0.867934</td>\n",
       "      <td>0.406264</td>\n",
       "      <td>0.015382</td>\n",
       "      <td>-0.009857</td>\n",
       "      <td>0.212525</td>\n",
       "      <td>0.008164</td>\n",
       "      <td>1.000000</td>\n",
       "      <td>-0.000436</td>\n",
       "      <td>0.005659</td>\n",
       "      <td>-0.008661</td>\n",
       "      <td>0.019838</td>\n",
       "      <td>-0.011748</td>\n",
       "      <td>0.009585</td>\n",
       "      <td>-0.001794</td>\n",
       "      <td>-0.003252</td>\n",
       "    </tr>\n",
       "    <tr>\n",
       "      <td>B</td>\n",
       "      <td>-0.000813</td>\n",
       "      <td>0.007189</td>\n",
       "      <td>-0.005489</td>\n",
       "      <td>0.005663</td>\n",
       "      <td>0.004762</td>\n",
       "      <td>-0.001038</td>\n",
       "      <td>-0.010930</td>\n",
       "      <td>-0.000436</td>\n",
       "      <td>1.000000</td>\n",
       "      <td>-0.138607</td>\n",
       "      <td>-0.138607</td>\n",
       "      <td>-0.139929</td>\n",
       "      <td>-0.138355</td>\n",
       "      <td>-0.137659</td>\n",
       "      <td>-0.139426</td>\n",
       "      <td>0.004901</td>\n",
       "    </tr>\n",
       "    <tr>\n",
       "      <td>C</td>\n",
       "      <td>0.000549</td>\n",
       "      <td>-0.000638</td>\n",
       "      <td>0.004984</td>\n",
       "      <td>-0.002651</td>\n",
       "      <td>0.001321</td>\n",
       "      <td>0.016689</td>\n",
       "      <td>0.011965</td>\n",
       "      <td>0.005659</td>\n",
       "      <td>-0.138607</td>\n",
       "      <td>1.000000</td>\n",
       "      <td>-0.143691</td>\n",
       "      <td>-0.145061</td>\n",
       "      <td>-0.143429</td>\n",
       "      <td>-0.142708</td>\n",
       "      <td>-0.144540</td>\n",
       "      <td>0.008348</td>\n",
       "    </tr>\n",
       "    <tr>\n",
       "      <td>D</td>\n",
       "      <td>-0.011895</td>\n",
       "      <td>-0.003649</td>\n",
       "      <td>-0.006298</td>\n",
       "      <td>0.002800</td>\n",
       "      <td>0.000717</td>\n",
       "      <td>-0.003519</td>\n",
       "      <td>-0.002159</td>\n",
       "      <td>-0.008661</td>\n",
       "      <td>-0.138607</td>\n",
       "      <td>-0.143691</td>\n",
       "      <td>1.000000</td>\n",
       "      <td>-0.145061</td>\n",
       "      <td>-0.143429</td>\n",
       "      <td>-0.142708</td>\n",
       "      <td>-0.144540</td>\n",
       "      <td>-0.008901</td>\n",
       "    </tr>\n",
       "    <tr>\n",
       "      <td>E</td>\n",
       "      <td>0.003610</td>\n",
       "      <td>0.007119</td>\n",
       "      <td>0.027902</td>\n",
       "      <td>-0.024639</td>\n",
       "      <td>-0.011572</td>\n",
       "      <td>0.005366</td>\n",
       "      <td>0.004212</td>\n",
       "      <td>0.019838</td>\n",
       "      <td>-0.139929</td>\n",
       "      <td>-0.145061</td>\n",
       "      <td>-0.145061</td>\n",
       "      <td>1.000000</td>\n",
       "      <td>-0.144797</td>\n",
       "      <td>-0.144069</td>\n",
       "      <td>-0.145919</td>\n",
       "      <td>-0.005534</td>\n",
       "    </tr>\n",
       "    <tr>\n",
       "      <td>F</td>\n",
       "      <td>0.004558</td>\n",
       "      <td>-0.015495</td>\n",
       "      <td>0.000890</td>\n",
       "      <td>-0.013664</td>\n",
       "      <td>0.010389</td>\n",
       "      <td>-0.003937</td>\n",
       "      <td>-0.009621</td>\n",
       "      <td>-0.011748</td>\n",
       "      <td>-0.138355</td>\n",
       "      <td>-0.143429</td>\n",
       "      <td>-0.143429</td>\n",
       "      <td>-0.144797</td>\n",
       "      <td>1.000000</td>\n",
       "      <td>-0.142448</td>\n",
       "      <td>-0.144277</td>\n",
       "      <td>0.011690</td>\n",
       "    </tr>\n",
       "    <tr>\n",
       "      <td>G</td>\n",
       "      <td>0.007070</td>\n",
       "      <td>0.013855</td>\n",
       "      <td>-0.009527</td>\n",
       "      <td>0.014481</td>\n",
       "      <td>-0.013538</td>\n",
       "      <td>-0.006412</td>\n",
       "      <td>0.004122</td>\n",
       "      <td>0.009585</td>\n",
       "      <td>-0.137659</td>\n",
       "      <td>-0.142708</td>\n",
       "      <td>-0.142708</td>\n",
       "      <td>-0.144069</td>\n",
       "      <td>-0.142448</td>\n",
       "      <td>1.000000</td>\n",
       "      <td>-0.143551</td>\n",
       "      <td>-0.017617</td>\n",
       "    </tr>\n",
       "    <tr>\n",
       "      <td>H</td>\n",
       "      <td>-0.001145</td>\n",
       "      <td>-0.005277</td>\n",
       "      <td>0.008272</td>\n",
       "      <td>0.011810</td>\n",
       "      <td>-0.011003</td>\n",
       "      <td>-0.004887</td>\n",
       "      <td>-0.008019</td>\n",
       "      <td>-0.001794</td>\n",
       "      <td>-0.139426</td>\n",
       "      <td>-0.144540</td>\n",
       "      <td>-0.144540</td>\n",
       "      <td>-0.145919</td>\n",
       "      <td>-0.144277</td>\n",
       "      <td>-0.143551</td>\n",
       "      <td>1.000000</td>\n",
       "      <td>-0.015485</td>\n",
       "    </tr>\n",
       "    <tr>\n",
       "      <td>M</td>\n",
       "      <td>-0.001271</td>\n",
       "      <td>0.019609</td>\n",
       "      <td>-0.000090</td>\n",
       "      <td>0.006661</td>\n",
       "      <td>0.816456</td>\n",
       "      <td>-0.017324</td>\n",
       "      <td>-0.000003</td>\n",
       "      <td>-0.003252</td>\n",
       "      <td>0.004901</td>\n",
       "      <td>0.008348</td>\n",
       "      <td>-0.008901</td>\n",
       "      <td>-0.005534</td>\n",
       "      <td>0.011690</td>\n",
       "      <td>-0.017617</td>\n",
       "      <td>-0.015485</td>\n",
       "      <td>1.000000</td>\n",
       "    </tr>\n",
       "  </tbody>\n",
       "</table>\n",
       "</div>"
      ],
      "text/plain": [
       "           data1     data2     data4     data5     data6     data7     data8  \\\n",
       "data1   1.000000  0.008367  0.007462 -0.022798 -0.002956 -0.000312 -0.008111   \n",
       "data2   0.008367  1.000000  0.019126  0.017404  0.010093 -0.013187  0.013590   \n",
       "data4   0.007462  0.019126  1.000000  0.006372  0.000550  0.018160 -0.003601   \n",
       "data5  -0.022798  0.017404  0.006372  1.000000  0.005740  0.009529  0.009352   \n",
       "data6  -0.002956  0.010093  0.000550  0.005740  1.000000 -0.020063 -0.001605   \n",
       "data7  -0.000312 -0.013187  0.018160  0.009529 -0.020063  1.000000 -0.009449   \n",
       "data8  -0.008111  0.013590 -0.003601  0.009352 -0.001605 -0.009449  1.000000   \n",
       "output  0.185512  0.867934  0.406264  0.015382 -0.009857  0.212525  0.008164   \n",
       "B      -0.000813  0.007189 -0.005489  0.005663  0.004762 -0.001038 -0.010930   \n",
       "C       0.000549 -0.000638  0.004984 -0.002651  0.001321  0.016689  0.011965   \n",
       "D      -0.011895 -0.003649 -0.006298  0.002800  0.000717 -0.003519 -0.002159   \n",
       "E       0.003610  0.007119  0.027902 -0.024639 -0.011572  0.005366  0.004212   \n",
       "F       0.004558 -0.015495  0.000890 -0.013664  0.010389 -0.003937 -0.009621   \n",
       "G       0.007070  0.013855 -0.009527  0.014481 -0.013538 -0.006412  0.004122   \n",
       "H      -0.001145 -0.005277  0.008272  0.011810 -0.011003 -0.004887 -0.008019   \n",
       "M      -0.001271  0.019609 -0.000090  0.006661  0.816456 -0.017324 -0.000003   \n",
       "\n",
       "          output         B         C         D         E         F         G  \\\n",
       "data1   0.185512 -0.000813  0.000549 -0.011895  0.003610  0.004558  0.007070   \n",
       "data2   0.867934  0.007189 -0.000638 -0.003649  0.007119 -0.015495  0.013855   \n",
       "data4   0.406264 -0.005489  0.004984 -0.006298  0.027902  0.000890 -0.009527   \n",
       "data5   0.015382  0.005663 -0.002651  0.002800 -0.024639 -0.013664  0.014481   \n",
       "data6  -0.009857  0.004762  0.001321  0.000717 -0.011572  0.010389 -0.013538   \n",
       "data7   0.212525 -0.001038  0.016689 -0.003519  0.005366 -0.003937 -0.006412   \n",
       "data8   0.008164 -0.010930  0.011965 -0.002159  0.004212 -0.009621  0.004122   \n",
       "output  1.000000 -0.000436  0.005659 -0.008661  0.019838 -0.011748  0.009585   \n",
       "B      -0.000436  1.000000 -0.138607 -0.138607 -0.139929 -0.138355 -0.137659   \n",
       "C       0.005659 -0.138607  1.000000 -0.143691 -0.145061 -0.143429 -0.142708   \n",
       "D      -0.008661 -0.138607 -0.143691  1.000000 -0.145061 -0.143429 -0.142708   \n",
       "E       0.019838 -0.139929 -0.145061 -0.145061  1.000000 -0.144797 -0.144069   \n",
       "F      -0.011748 -0.138355 -0.143429 -0.143429 -0.144797  1.000000 -0.142448   \n",
       "G       0.009585 -0.137659 -0.142708 -0.142708 -0.144069 -0.142448  1.000000   \n",
       "H      -0.001794 -0.139426 -0.144540 -0.144540 -0.145919 -0.144277 -0.143551   \n",
       "M      -0.003252  0.004901  0.008348 -0.008901 -0.005534  0.011690 -0.017617   \n",
       "\n",
       "               H         M  \n",
       "data1  -0.001145 -0.001271  \n",
       "data2  -0.005277  0.019609  \n",
       "data4   0.008272 -0.000090  \n",
       "data5   0.011810  0.006661  \n",
       "data6  -0.011003  0.816456  \n",
       "data7  -0.004887 -0.017324  \n",
       "data8  -0.008019 -0.000003  \n",
       "output -0.001794 -0.003252  \n",
       "B      -0.139426  0.004901  \n",
       "C      -0.144540  0.008348  \n",
       "D      -0.144540 -0.008901  \n",
       "E      -0.145919 -0.005534  \n",
       "F      -0.144277  0.011690  \n",
       "G      -0.143551 -0.017617  \n",
       "H       1.000000 -0.015485  \n",
       "M      -0.015485  1.000000  "
      ]
     },
     "execution_count": 57,
     "metadata": {},
     "output_type": "execute_result"
    }
   ],
   "source": [
    "df.corr()"
   ]
  },
  {
   "cell_type": "code",
   "execution_count": 80,
   "metadata": {},
   "outputs": [
    {
     "data": {
      "text/html": [
       "<div>\n",
       "<style scoped>\n",
       "    .dataframe tbody tr th:only-of-type {\n",
       "        vertical-align: middle;\n",
       "    }\n",
       "\n",
       "    .dataframe tbody tr th {\n",
       "        vertical-align: top;\n",
       "    }\n",
       "\n",
       "    .dataframe thead th {\n",
       "        text-align: right;\n",
       "    }\n",
       "</style>\n",
       "<table border=\"1\" class=\"dataframe\">\n",
       "  <thead>\n",
       "    <tr style=\"text-align: right;\">\n",
       "      <th></th>\n",
       "      <th>data1</th>\n",
       "      <th>data2</th>\n",
       "      <th>data4</th>\n",
       "      <th>data5</th>\n",
       "      <th>data6</th>\n",
       "      <th>data7</th>\n",
       "      <th>data8</th>\n",
       "      <th>output</th>\n",
       "      <th>B</th>\n",
       "      <th>C</th>\n",
       "      <th>D</th>\n",
       "      <th>E</th>\n",
       "      <th>F</th>\n",
       "      <th>G</th>\n",
       "      <th>H</th>\n",
       "      <th>M</th>\n",
       "    </tr>\n",
       "  </thead>\n",
       "  <tbody>\n",
       "    <tr>\n",
       "      <td>0</td>\n",
       "      <td>8</td>\n",
       "      <td>279</td>\n",
       "      <td>14.451155</td>\n",
       "      <td>1139.0</td>\n",
       "      <td>1.0</td>\n",
       "      <td>9.302908</td>\n",
       "      <td>1.0</td>\n",
       "      <td>86.108947</td>\n",
       "      <td>0</td>\n",
       "      <td>1</td>\n",
       "      <td>0</td>\n",
       "      <td>0</td>\n",
       "      <td>0</td>\n",
       "      <td>0</td>\n",
       "      <td>0</td>\n",
       "      <td>1</td>\n",
       "    </tr>\n",
       "    <tr>\n",
       "      <td>1</td>\n",
       "      <td>1</td>\n",
       "      <td>108</td>\n",
       "      <td>14.207448</td>\n",
       "      <td>1656.0</td>\n",
       "      <td>1.0</td>\n",
       "      <td>7.220130</td>\n",
       "      <td>0.0</td>\n",
       "      <td>42.606833</td>\n",
       "      <td>0</td>\n",
       "      <td>0</td>\n",
       "      <td>0</td>\n",
       "      <td>0</td>\n",
       "      <td>0</td>\n",
       "      <td>0</td>\n",
       "      <td>1</td>\n",
       "      <td>1</td>\n",
       "    </tr>\n",
       "    <tr>\n",
       "      <td>2</td>\n",
       "      <td>8</td>\n",
       "      <td>258</td>\n",
       "      <td>19.220830</td>\n",
       "      <td>2817.0</td>\n",
       "      <td>1.0</td>\n",
       "      <td>8.727214</td>\n",
       "      <td>1.0</td>\n",
       "      <td>85.625961</td>\n",
       "      <td>0</td>\n",
       "      <td>0</td>\n",
       "      <td>0</td>\n",
       "      <td>0</td>\n",
       "      <td>0</td>\n",
       "      <td>0</td>\n",
       "      <td>0</td>\n",
       "      <td>1</td>\n",
       "    </tr>\n",
       "    <tr>\n",
       "      <td>3</td>\n",
       "      <td>4</td>\n",
       "      <td>147</td>\n",
       "      <td>15.752732</td>\n",
       "      <td>1948.0</td>\n",
       "      <td>1.0</td>\n",
       "      <td>6.078818</td>\n",
       "      <td>1.0</td>\n",
       "      <td>53.656277</td>\n",
       "      <td>0</td>\n",
       "      <td>0</td>\n",
       "      <td>0</td>\n",
       "      <td>0</td>\n",
       "      <td>0</td>\n",
       "      <td>0</td>\n",
       "      <td>0</td>\n",
       "      <td>1</td>\n",
       "    </tr>\n",
       "    <tr>\n",
       "      <td>4</td>\n",
       "      <td>5</td>\n",
       "      <td>230</td>\n",
       "      <td>10.195407</td>\n",
       "      <td>1336.0</td>\n",
       "      <td>1.0</td>\n",
       "      <td>4.749185</td>\n",
       "      <td>0.0</td>\n",
       "      <td>64.925051</td>\n",
       "      <td>0</td>\n",
       "      <td>0</td>\n",
       "      <td>0</td>\n",
       "      <td>0</td>\n",
       "      <td>0</td>\n",
       "      <td>0</td>\n",
       "      <td>1</td>\n",
       "      <td>1</td>\n",
       "    </tr>\n",
       "    <tr>\n",
       "      <td>...</td>\n",
       "      <td>...</td>\n",
       "      <td>...</td>\n",
       "      <td>...</td>\n",
       "      <td>...</td>\n",
       "      <td>...</td>\n",
       "      <td>...</td>\n",
       "      <td>...</td>\n",
       "      <td>...</td>\n",
       "      <td>...</td>\n",
       "      <td>...</td>\n",
       "      <td>...</td>\n",
       "      <td>...</td>\n",
       "      <td>...</td>\n",
       "      <td>...</td>\n",
       "      <td>...</td>\n",
       "      <td>...</td>\n",
       "    </tr>\n",
       "    <tr>\n",
       "      <td>9995</td>\n",
       "      <td>9</td>\n",
       "      <td>263</td>\n",
       "      <td>16.604215</td>\n",
       "      <td>1070.0</td>\n",
       "      <td>0.0</td>\n",
       "      <td>8.979149</td>\n",
       "      <td>2.0</td>\n",
       "      <td>85.922943</td>\n",
       "      <td>0</td>\n",
       "      <td>0</td>\n",
       "      <td>0</td>\n",
       "      <td>0</td>\n",
       "      <td>0</td>\n",
       "      <td>0</td>\n",
       "      <td>0</td>\n",
       "      <td>0</td>\n",
       "    </tr>\n",
       "    <tr>\n",
       "      <td>9996</td>\n",
       "      <td>5</td>\n",
       "      <td>280</td>\n",
       "      <td>28.758911</td>\n",
       "      <td>2652.0</td>\n",
       "      <td>0.0</td>\n",
       "      <td>3.574129</td>\n",
       "      <td>0.0</td>\n",
       "      <td>90.857149</td>\n",
       "      <td>0</td>\n",
       "      <td>0</td>\n",
       "      <td>0</td>\n",
       "      <td>1</td>\n",
       "      <td>0</td>\n",
       "      <td>0</td>\n",
       "      <td>0</td>\n",
       "      <td>0</td>\n",
       "    </tr>\n",
       "    <tr>\n",
       "      <td>9997</td>\n",
       "      <td>6</td>\n",
       "      <td>188</td>\n",
       "      <td>15.963267</td>\n",
       "      <td>1359.0</td>\n",
       "      <td>0.0</td>\n",
       "      <td>2.880019</td>\n",
       "      <td>0.0</td>\n",
       "      <td>61.246960</td>\n",
       "      <td>0</td>\n",
       "      <td>0</td>\n",
       "      <td>1</td>\n",
       "      <td>0</td>\n",
       "      <td>0</td>\n",
       "      <td>0</td>\n",
       "      <td>0</td>\n",
       "      <td>0</td>\n",
       "    </tr>\n",
       "    <tr>\n",
       "      <td>9998</td>\n",
       "      <td>1</td>\n",
       "      <td>132</td>\n",
       "      <td>11.683401</td>\n",
       "      <td>1793.0</td>\n",
       "      <td>0.0</td>\n",
       "      <td>6.983192</td>\n",
       "      <td>2.0</td>\n",
       "      <td>45.298253</td>\n",
       "      <td>0</td>\n",
       "      <td>0</td>\n",
       "      <td>0</td>\n",
       "      <td>0</td>\n",
       "      <td>0</td>\n",
       "      <td>0</td>\n",
       "      <td>1</td>\n",
       "      <td>0</td>\n",
       "    </tr>\n",
       "    <tr>\n",
       "      <td>9999</td>\n",
       "      <td>5</td>\n",
       "      <td>264</td>\n",
       "      <td>21.176115</td>\n",
       "      <td>1792.0</td>\n",
       "      <td>0.0</td>\n",
       "      <td>8.276101</td>\n",
       "      <td>2.0</td>\n",
       "      <td>85.534604</td>\n",
       "      <td>0</td>\n",
       "      <td>0</td>\n",
       "      <td>0</td>\n",
       "      <td>0</td>\n",
       "      <td>0</td>\n",
       "      <td>0</td>\n",
       "      <td>0</td>\n",
       "      <td>0</td>\n",
       "    </tr>\n",
       "  </tbody>\n",
       "</table>\n",
       "<p>9997 rows × 16 columns</p>\n",
       "</div>"
      ],
      "text/plain": [
       "      data1  data2      data4   data5  data6     data7  data8     output  B  \\\n",
       "0         8    279  14.451155  1139.0    1.0  9.302908    1.0  86.108947  0   \n",
       "1         1    108  14.207448  1656.0    1.0  7.220130    0.0  42.606833  0   \n",
       "2         8    258  19.220830  2817.0    1.0  8.727214    1.0  85.625961  0   \n",
       "3         4    147  15.752732  1948.0    1.0  6.078818    1.0  53.656277  0   \n",
       "4         5    230  10.195407  1336.0    1.0  4.749185    0.0  64.925051  0   \n",
       "...     ...    ...        ...     ...    ...       ...    ...        ... ..   \n",
       "9995      9    263  16.604215  1070.0    0.0  8.979149    2.0  85.922943  0   \n",
       "9996      5    280  28.758911  2652.0    0.0  3.574129    0.0  90.857149  0   \n",
       "9997      6    188  15.963267  1359.0    0.0  2.880019    0.0  61.246960  0   \n",
       "9998      1    132  11.683401  1793.0    0.0  6.983192    2.0  45.298253  0   \n",
       "9999      5    264  21.176115  1792.0    0.0  8.276101    2.0  85.534604  0   \n",
       "\n",
       "      C  D  E  F  G  H  M  \n",
       "0     1  0  0  0  0  0  1  \n",
       "1     0  0  0  0  0  1  1  \n",
       "2     0  0  0  0  0  0  1  \n",
       "3     0  0  0  0  0  0  1  \n",
       "4     0  0  0  0  0  1  1  \n",
       "...  .. .. .. .. .. .. ..  \n",
       "9995  0  0  0  0  0  0  0  \n",
       "9996  0  0  1  0  0  0  0  \n",
       "9997  0  1  0  0  0  0  0  \n",
       "9998  0  0  0  0  0  1  0  \n",
       "9999  0  0  0  0  0  0  0  \n",
       "\n",
       "[9997 rows x 16 columns]"
      ]
     },
     "execution_count": 80,
     "metadata": {},
     "output_type": "execute_result"
    }
   ],
   "source": [
    "x=df\n",
    "y=df.iloc[:,-9]\n",
    "x"
   ]
  },
  {
   "cell_type": "code",
   "execution_count": 76,
   "metadata": {},
   "outputs": [
    {
     "data": {
      "text/plain": [
       "0       86.108947\n",
       "1       42.606833\n",
       "2       85.625961\n",
       "3       53.656277\n",
       "4       64.925051\n",
       "          ...    \n",
       "9995    85.922943\n",
       "9996    90.857149\n",
       "9997    61.246960\n",
       "9998    45.298253\n",
       "9999    85.534604\n",
       "Name: output, Length: 9997, dtype: float64"
      ]
     },
     "execution_count": 76,
     "metadata": {},
     "output_type": "execute_result"
    }
   ],
   "source": [
    "y"
   ]
  },
  {
   "cell_type": "code",
   "execution_count": 81,
   "metadata": {},
   "outputs": [
    {
     "data": {
      "text/html": [
       "<div>\n",
       "<style scoped>\n",
       "    .dataframe tbody tr th:only-of-type {\n",
       "        vertical-align: middle;\n",
       "    }\n",
       "\n",
       "    .dataframe tbody tr th {\n",
       "        vertical-align: top;\n",
       "    }\n",
       "\n",
       "    .dataframe thead th {\n",
       "        text-align: right;\n",
       "    }\n",
       "</style>\n",
       "<table border=\"1\" class=\"dataframe\">\n",
       "  <thead>\n",
       "    <tr style=\"text-align: right;\">\n",
       "      <th></th>\n",
       "      <th>data1</th>\n",
       "      <th>data2</th>\n",
       "      <th>data4</th>\n",
       "      <th>data5</th>\n",
       "      <th>data6</th>\n",
       "      <th>data7</th>\n",
       "      <th>data8</th>\n",
       "      <th>B</th>\n",
       "      <th>C</th>\n",
       "      <th>D</th>\n",
       "      <th>E</th>\n",
       "      <th>F</th>\n",
       "      <th>G</th>\n",
       "      <th>H</th>\n",
       "      <th>M</th>\n",
       "    </tr>\n",
       "  </thead>\n",
       "  <tbody>\n",
       "    <tr>\n",
       "      <td>0</td>\n",
       "      <td>8</td>\n",
       "      <td>279</td>\n",
       "      <td>14.451155</td>\n",
       "      <td>1139.0</td>\n",
       "      <td>1.0</td>\n",
       "      <td>9.302908</td>\n",
       "      <td>1.0</td>\n",
       "      <td>0</td>\n",
       "      <td>1</td>\n",
       "      <td>0</td>\n",
       "      <td>0</td>\n",
       "      <td>0</td>\n",
       "      <td>0</td>\n",
       "      <td>0</td>\n",
       "      <td>1</td>\n",
       "    </tr>\n",
       "    <tr>\n",
       "      <td>1</td>\n",
       "      <td>1</td>\n",
       "      <td>108</td>\n",
       "      <td>14.207448</td>\n",
       "      <td>1656.0</td>\n",
       "      <td>1.0</td>\n",
       "      <td>7.220130</td>\n",
       "      <td>0.0</td>\n",
       "      <td>0</td>\n",
       "      <td>0</td>\n",
       "      <td>0</td>\n",
       "      <td>0</td>\n",
       "      <td>0</td>\n",
       "      <td>0</td>\n",
       "      <td>1</td>\n",
       "      <td>1</td>\n",
       "    </tr>\n",
       "    <tr>\n",
       "      <td>2</td>\n",
       "      <td>8</td>\n",
       "      <td>258</td>\n",
       "      <td>19.220830</td>\n",
       "      <td>2817.0</td>\n",
       "      <td>1.0</td>\n",
       "      <td>8.727214</td>\n",
       "      <td>1.0</td>\n",
       "      <td>0</td>\n",
       "      <td>0</td>\n",
       "      <td>0</td>\n",
       "      <td>0</td>\n",
       "      <td>0</td>\n",
       "      <td>0</td>\n",
       "      <td>0</td>\n",
       "      <td>1</td>\n",
       "    </tr>\n",
       "    <tr>\n",
       "      <td>3</td>\n",
       "      <td>4</td>\n",
       "      <td>147</td>\n",
       "      <td>15.752732</td>\n",
       "      <td>1948.0</td>\n",
       "      <td>1.0</td>\n",
       "      <td>6.078818</td>\n",
       "      <td>1.0</td>\n",
       "      <td>0</td>\n",
       "      <td>0</td>\n",
       "      <td>0</td>\n",
       "      <td>0</td>\n",
       "      <td>0</td>\n",
       "      <td>0</td>\n",
       "      <td>0</td>\n",
       "      <td>1</td>\n",
       "    </tr>\n",
       "    <tr>\n",
       "      <td>4</td>\n",
       "      <td>5</td>\n",
       "      <td>230</td>\n",
       "      <td>10.195407</td>\n",
       "      <td>1336.0</td>\n",
       "      <td>1.0</td>\n",
       "      <td>4.749185</td>\n",
       "      <td>0.0</td>\n",
       "      <td>0</td>\n",
       "      <td>0</td>\n",
       "      <td>0</td>\n",
       "      <td>0</td>\n",
       "      <td>0</td>\n",
       "      <td>0</td>\n",
       "      <td>1</td>\n",
       "      <td>1</td>\n",
       "    </tr>\n",
       "    <tr>\n",
       "      <td>...</td>\n",
       "      <td>...</td>\n",
       "      <td>...</td>\n",
       "      <td>...</td>\n",
       "      <td>...</td>\n",
       "      <td>...</td>\n",
       "      <td>...</td>\n",
       "      <td>...</td>\n",
       "      <td>...</td>\n",
       "      <td>...</td>\n",
       "      <td>...</td>\n",
       "      <td>...</td>\n",
       "      <td>...</td>\n",
       "      <td>...</td>\n",
       "      <td>...</td>\n",
       "      <td>...</td>\n",
       "    </tr>\n",
       "    <tr>\n",
       "      <td>9995</td>\n",
       "      <td>9</td>\n",
       "      <td>263</td>\n",
       "      <td>16.604215</td>\n",
       "      <td>1070.0</td>\n",
       "      <td>0.0</td>\n",
       "      <td>8.979149</td>\n",
       "      <td>2.0</td>\n",
       "      <td>0</td>\n",
       "      <td>0</td>\n",
       "      <td>0</td>\n",
       "      <td>0</td>\n",
       "      <td>0</td>\n",
       "      <td>0</td>\n",
       "      <td>0</td>\n",
       "      <td>0</td>\n",
       "    </tr>\n",
       "    <tr>\n",
       "      <td>9996</td>\n",
       "      <td>5</td>\n",
       "      <td>280</td>\n",
       "      <td>28.758911</td>\n",
       "      <td>2652.0</td>\n",
       "      <td>0.0</td>\n",
       "      <td>3.574129</td>\n",
       "      <td>0.0</td>\n",
       "      <td>0</td>\n",
       "      <td>0</td>\n",
